,date,content,title,name
5352,2022-12-27,"university

Academics

Campus Life

Graduate Students

Business  Technology

Data

Equity Project

Fall Sports

Winter Sports

Spring Sports

Screen

Culture

Music

Reads

Columnists

Editorials

Letters from the Editor

Letters to the Editor

OpEds

Video

Podcasts

Cartoons

Graphics

Tech

  THE STANFORD DAILY PUBLISHING CORPORATION

Privacy Policy     Accessibility     Advertise

Proudly Powered by WordPress

Donate and support The Daily when you shop on Amazon",Articles about Bailey Parsons - The Stanford Daily,Stanford University
